-0.84	-0.02	0.62	0.86520	-0.49952	0.02181	-0.03778	-1	0.144981	2.61454	-0.90081	-0.27011	0.10994	315.00201	271.50934	225.11197
-0.87	-0.04	0.61	0.86321	-0.49837	0.04032	-0.06983	-1	0.13197	2.89584	-0.54894	-0.24782	0.10992	273.82125	76.17857	176.13492
-0.90	-0.06	0.61	0.86002	-0.49653	0.05877	-0.10179	-1	0.139405	2.97413	-0.92841	-0.20454	0.10995	88.79114	331.41949	359.02227
-0.93	-0.08	0.60	0.85566	-0.49401	0.07714	-0.13361	-1	0.105948	3.12812	-0.60742	-0.05909	0.39207	223.60353	290.45219	222.63547
-0.96	-0.09	0.58	0.85011	-0.49081	0.09540	-0.16525	-1	0.1171	3.31650	-0.72946	-0.00254	0.40045	230.98966	280.38630	139.93044
-0.99	-0.11	0.57	0.84340	-0.48694	0.11354	-0.19665	-1	0.104089	3.46593	-0.83419	-0.08600	0.38335	275.26929	18.14718	342.39108
-1.02	-0.13	0.55	0.83553	-0.48239	0.13152	-0.22779	-1	0.133829	3.52805	-0.95509	0.14521	0.10983	271.28015	353.95207	180.23962
-1.05	-0.14	0.53	0.82651	-0.47719	0.14931	-0.25862	-1	0.0966543	3.60546	-1.00045	-0.26485	0.12963	182.33498	357.87570	270.24017
-1.07	-0.16	0.51	0.81635	-0.47132	0.16690	-0.28909	-1	0.0864312	3.58125	-0.80974	-0.06988	0.41338	182.88473	355.98811	192.63718
-1.10	-0.17	0.48	0.80507	-0.46481	0.18427	-0.31916	-1	0.16171	3.51216	-1.00407	-0.26503	0.12875	179.81954	359.35833	277.29868
-1.12	-0.18	0.46	0.79268	-0.45766	0.20137	-0.34879	-1	0.138476	3.47381	-1.02053	-0.24707	0.10992	87.23749	82.67497	183.00469
-1.14	-0.20	0.43	0.77920	-0.44987	0.21820	-0.37794	-1	0.124535	3.35672	-0.99763	0.19394	0.12887	183.56386	358.40891	263.64914
-1.16	-0.21	0.40	0.76466	-0.44147	0.23474	-0.40657	-1	0.109665	3.32224	-0.99770	0.19494	0.12879	183.21873	358.58890	262.73943
-1.18	-0.22	0.37	0.74905	-0.43247	0.25094	-0.43465	-1	0.107807	3.18729	-0.99846	-0.27468	0.13028	180.92414	356.79455	276.86389
-1.19	-0.23	0.34	0.73242	-0.42286	0.26681	-0.46212	-1	0.126394	3.07655	-0.99903	-0.27039	0.12952	179.25158	358.19054	276.31151
-1.20	-0.23	0.30	0.71478	-0.41268	0.28230	-0.48896	-1	0.105948	2.98918	-1.00048	-0.26532	0.12966	179.07906	358.25494	269.79696
-1.21	-0.24	0.27	0.69616	-0.40193	0.29741	-0.51513	-1	0.112454	2.95348	-0.99902	-0.26855	0.12919	178.47954	358.95816	275.43933
-1.22	-0.24	0.23	0.67658	-0.39062	0.31211	-0.54059	-1	0.106877	3.04807	-1.02141	-0.25570	0.11082	85.72339	81.05483	175.01444
-1.23	-0.25	0.19	0.65607	-0.37878	0.32638	-0.56531	-1	0.0901487	2.83059	-0.86856	-0.01977	0.10929	22.73463	6.32997	122.93243
-1.23	-0.25	0.16	0.63466	-0.36642	0.34020	-0.58924	-1	0.0836431	2.55456	-0.86821	-0.06354	0.37494	171.05894	56.72296	187.56687
-0.83	-0.03	0.62	0.92300	-0.38232	0.01669	-0.04030	-1	0.137546	2.50056	-0.94259	0.15560	0.10995	271.02342	342.57891	180.35262
-0.86	-0.06	0.61	0.92087	-0.38144	0.03086	-0.07450	-1	0.13197	2.75281	-0.65671	-0.07251	0.40375	274.76244	12.67715	343.33807
-0.88	-0.08	0.61	0.91748	-0.38003	0.04498	-0.10859	-1	0.126394	3.07055	-0.92910	-0.21390	0.10998	89.17476	342.29390	359.44364
-0.91	-0.11	0.60	0.91282	-0.37810	0.05904	-0.14254	-1	0.116171	3.34077	-0.83789	-0.08581	0.37928	277.06193	15.29777	332.90837
-0.93	-0.13	0.58	0.90691	-0.37565	0.07302	-0.17628	-1	0.140335	3.44644	-0.73601	-0.02095	0.39138	304.74273	67.80894	143.52860
-0.96	-0.16	0.57	0.89975	-0.37269	0.08690	-0.20979	-1	0.142193	3.63337	-0.90031	-0.24590	0.11001	87.91462	293.73472	358.10226
-0.98	-0.18	0.55	0.89135	-0.36921	0.10066	-0.24301	-1	0.0994424	3.62465	-0.81976	-0.06597	0.41363	177.66748	6.20133	194.09343
-1.00	-0.20	0.53	0.88172	-0.36522	0.11428	-0.27589	-1	0.137546	3.70784	-0.91411	-0.22805	0.11009	89.07745	317.95291	359.44466
-1.02	-0.22	0.51	0.87089	-0.36073	0.12774	-0.30840	-1	0.138476	3.81444	-0.89722	-0.23682	0.11008	272.60492	283.27346	182.46387
-1.04	-0.24	0.48	0.85885	-0.35575	0.14103	-0.34048	-1	0.125465	3.75227	-1.02173	-0.25631	0.11447	82.59591	82.76082	194.02749
-1.06	-0.26	0.46	0.84564	-0.35027	0.15412	-0.37209	-1	0.08829	3.71932	-0.80973	-0.07240	0.41175	183.14045	0.26753	186.24450
-1.08	-0.28	0.43	0.83126	-0.34432	0.16701	-0.40319	-1	0.104089	3.72242	-0.82086	-0.07621	0.40799	184.32090	10.44328	183.96666
-1.09	-0.29	0.40	0.81574	-0.33789	0.17966	-0.43374	-1	0.118959	3.60579	-0.61727	-0.03551	0.28360	171.25259	87.88292	187.56492
-1.11	-0.31	0.37	0.79909	-0.33100	0.19206	-0.46368	-1	0.123606	3.50997	-0.99804	0.19622	0.12905	181.58342	358.47209	263.83523
-1.12	-0.32	0.34	0.78135	-0.32365	0.20421	-0.49300	-1	0.0910781	3.35990	-0.81281	-0.07022	0.40634	183.36274	355.92778	192.38689
-1.13	-0.33	0.30	0.76253	-0.31585	0.21607	-0.52163	-1	0.120818	3.31279	-0.99987	-0.27515	0.12854	179.32209	0.25768	273.65784
-1.14	-0.34	0.27	0.74267	-0.30762	0.22763	-0.54954	-1	0.107807	3.27103	-0.82484	-0.21386	0.14518	272.71967	358.30269	273.85402
-1.14	-0.34	0.23	0.72178	-0.29897	0.23888	-0.57670	-1	0.120818	3.29539	-1.00044	-0.26013	0.12974	179.20689	357.77277	268.97788
-1.15	-0.35	0.19	0.69990	-0.28991	0.24980	-0.60307	-1	0.0715613	3.14387	-0.95346	-0.30251	0.13070	175.86953	358.69731	176.67626
-1.15	-0.35	0.16	0.67706	-0.28045	0.26038	-0.62861	-1	0.10316	2.72400	-0.87606	-0.06368	0.32787	34.35728	80.54909	323.33978
-0.82	-0.04	0.62	0.96501	-0.25857	0.01129	-0.04213	-1	0.1329	2.55247	-0.54901	-0.24719	0.10991	274.35385	76.89043	175.57135
-0.84	-0.07	0.61	0.96278	-0.25798	0.02087	-0.07789	-1	0.139405	2.84427	-0.54762	-0.24860	0.10996	273.32317	75.32704	176.66346
-0.86	-0.10	0.61	0.95923	-0.25703	0.03042	-0.11353	-1	0.135688	3.09281	-0.93079	-0.21352	0.10998	89.11508	343.80802	359.54996
-0.88	-0.13	0.60	0.95436	-0.25572	0.03993	-0.14902	-1	0.110595	3.34834	-0.80599	-0.08061	0.39040	272.70059	21.70925	6.58474
-0.89	-0.16	0.58	0.94818	-0.25406	0.04939	-0.18431	-1	0.105019	3.48323	-0.77768	-0.06805	0.41115	179.11793	348.51912	171.41997
-0.91	-0.19	0.57	0.94069	-0.25206	0.05877	-0.21934	-1	0.110595	3.60525	-0.80325	-0.07084	0.41319	180.96799	1.72627	185.52341
-0.93	-0.22	0.55	0.93191	-0.24971	0.06808	-0.25407	-1	0.140335	3.64891	-0.60149	-0.00074	0.16353	181.41678	270.38661	271.40753
-0.94	-0.25	0.53	0.92185	-0.24701	0.07729	-0.28845	-1	0.151487	3.79388	-0.60148	-0.00074	0.16353	182.22825	270.38827	272.21183
-0.96	-0.27	0.51	0.91052	-0.24397	0.08640	-0.32243	-1	0.145911	3.73641	-0.60147	-0.00074	0.16353	183.32433	270.39720	273.32904
-0.97	-0.30	0.48	0.89794	-0.24060	0.09538	-0.35597	-1	0.137546	3.81618	-0.60148	-0.00076	0.16353	190.23334	270.39151	280.23297
-0.98	-0.32	0.46	0.88412	-0.23690	0.10424	-0.38902	-1	0.111524	3.89344	-0.82444	-0.06011	0.40121	174.01593	10.05619	12.13463
-1.00	-0.34	0.43	0.86909	-0.23287	0.11295	-0.42154	-1	0.113383	3.90774	-0.96555	-0.30429	0.12991	177.28978	357.73914	172.66437
-1.01	-0.36	0.40	0.85286	-0.22852	0.12151	-0.45347	-1	0.118959	3.88378	-0.95927	-0.30375	0.12943	177.56057	356.39227	173.38142
-1.02	-0.38	0.37	0.83546	-0.22386	0.12990	-0.48479	-1	0.116171	3.90336	-0.60141	-0.00088	0.16354	195.04974	270.56553	285.34685
-1.03	-0.39	0.34	0.81691	-0.21889	0.13811	-0.51543	-1	0.0957249	3.76548	-0.96088	-0.30509	0.12802	180.32075	351.01711	176.26192
-1.03	-0.40	0.30	0.79724	-0.21362	0.14613	-0.54537	-1	0.112454	3.63482	-1.02322	-0.29013	0.11123	258.44895	79.93685	8.36516
-1.04	-0.41	0.27	0.77647	-0.20805	0.15395	-0.57455	-1	0.0947955	3.57368	-0.96260	-0.30495	0.12813	180.00320	351.80452	175.86800
-1.04	-0.42	0.23	0.75463	-0.20220	0.16156	-0.60295	-1	0.137546	3.52305	-0.95918	-0.32819	0.10991	270.28324	355.56523	359.76553
-1.05	-0.43	0.19	0.73175	-0.19607	0.16895	-0.63052	-1	0.0994424	3.48537	-0.95463	-0.30329	0.12962	177.39506	356.14874	174.51844
-1.05	-0.43	0.16	0.70787	-0.18967	0.17610	-0.65722	-1	0.125465	3.17036	-0.61054	-0.05725	0.37963	223.44562	288.88297	41.22344
-0.81	-0.04	0.62	0.99050	-0.13040	0.00569	-0.04325	-1	0.140335	2.59806	-0.51803	-0.19569	0.10997	88.93825	27.46132	0.43795
-0.82	-0.08	0.61	0.98822	-0.13010	0.01052	-0.07994	-1	0.129182	2.89413	-0.66209	-0.07092	0.40413	273.36266	12.17253	344.10052
-0.83	-0.11	0.61	0.98457	-0.12962	0.01534	-0.11653	-1	0.120818	3.09818	-0.78522	-0.09056	0.39124	269.97244	347.48905	0.38988
-0.84	-0.15	0.60	0.97957	-0.12896	0.02014	-0.15296	-1	0.106877	3.27517	-0.80496	-0.06673	0.41455	179.12802	358.93458	182.23242
-0.85	-0.18	0.58	0.97323	-0.12813	0.02491	-0.18918	-1	0.155204	3.37891	-0.60148	-0.00073	0.16353	180.03210	270.38914	270.02843
-0.86	-0.21	0.57	0.96555	-0.12712	0.02964	-0.22513	-1	0.184944	3.54153	-0.60147	-0.00075	0.16353	182.31523	270.39663	272.30729
-0.87	-0.25	0.55	0.95653	-0.12593	0.03433	-0.26078	-1	0.196097	3.67017	-0.60148	-0.00074	0.16353	182.52253	270.38491	272.51091
-0.87	-0.28	0.53	0.94621	-0.12457	0.03898	-0.29607	-1	0.200743	3.67915	-0.60148	-0.00075	0.16353	183.20697	270.39721	273.20848
-0.88	-0.30	0.51	0.93458	-0.12304	0.04357	-0.33095	-1	0.207249	3.79563	-0.60148	-0.00074	0.16353	181.25426	270.38858	271.25203
-0.89	-0.33	0.48	0.92166	-0.12134	0.04810	-0.36538	-1	0.20539	3.85149	-0.60148	-0.00076	0.16353	185.50389	270.39230	275.51272
-0.90	-0.36	0.46	0.90748	-0.11947	0.05257	-0.39930	-1	0.208178	3.89562	-0.60146	-0.00078	0.16353	188.41963	270.40440	278.44328
-0.90	-0.38	0.43	0.89205	-0.11744	0.05696	-0.43268	-1	0.204461	3.90878	-0.60145	-0.00081	0.16353	190.92734	270.40683	280.99427
-0.91	-0.40	0.40	0.87539	-0.11525	0.06128	-0.46546	-1	0.209108	3.88925	-0.60145	-0.00086	0.16353	195.58021	270.42157	285.70332
-0.91	-0.42	0.37	0.85753	-0.11290	0.06551	-0.49759	-1	0.210967	3.87248	-0.60145	-0.00087	0.16353	197.32580	270.42317	287.46625
-0.92	-0.44	0.34	0.83849	-0.11039	0.06965	-0.52905	-1	0.210967	3.80189	-0.60146	-0.00087	0.16352	196.95244	270.40883	287.11442
-0.92	-0.45	0.30	0.81830	-0.10773	0.07370	-0.55978	-1	0.209108	3.76057	-0.60146	-0.00087	0.16351	198.67546	270.40929	288.84158
-0.92	-0.46	0.27	0.79698	-0.10492	0.07764	-0.58973	-1	0.194238	3.68128	-0.60147	-0.00087	0.16352	197.02896	270.41084	287.20862
-0.93	-0.47	0.23	0.77456	-0.10197	0.08148	-0.61888	-1	0.172862	3.75292	-0.60147	-0.00088	0.16352	203.00071	270.43634	293.18342
-0.93	-0.48	0.19	0.75108	-0.09888	0.08520	-0.64718	-1	0.104089	3.64152	-0.62234	-0.05391	0.35241	293.75948	283.82921	290.49760
-0.93	-0.48	0.16	0.72657	-0.09565	0.08881	-0.67458	-1	0.101301	3.27023	-0.67780	-0.03656	0.30674	3.65800	352.93132	346.80899
-0.80	-0.04	0.62	0.99905	0.00000	0.00000	-0.04362	-1	0.140335	2.55435	-0.94555	-0.19718	0.11002	89.24616	8.38900	359.84191
-0.80	-0.08	0.61	0.99674	0.00000	0.00000	-0.08063	-1	0.109665	2.75610	-0.72215	-0.00106	0.38590	80.06928	294.98269	346.08687
-0.80	-0.12	0.61	0.99307	0.00000	0.00000	-0.11754	-1	0.109665	3.06250	-0.61753	-0.05550	0.38803	222.87735	288.84554	222.81942
-0.80	-0.15	0.60	0.98803	0.00000	-0.00000	-0.15428	-1	0.0910781	3.22696	-0.73003	0.00388	0.38955	90.12005	303.95710	175.71932
-0.80	-0.19	0.58	0.98163	0.00000	-0.00000	-0.19081	-1	0.182156	3.25557	-0.60149	-0.00073	0.16353	179.25386	270.38162	269.24960
-0.80	-0.22	0.57	0.97388	0.00000	-0.00000	-0.22708	-1	0.222119	3.48087	-0.60148	-0.00073	0.16353	179.86074	270.39036	269.85152
-0.80	-0.25	0.55	0.96479	0.00000	-0.00000	-0.26303	-1	0.222119	3.49640	-0.60148	-0.00074	0.16353	181.11346	270.38525	271.11149
-0.80	-0.28	0.53	0.95437	0.00000	-0.00000	-0.29862	-1	0.223048	3.70760	-0.60148	-0.00074	0.16353	180.94140	270.38452	270.94574
-0.80	-0.31	0.51	0.94264	0.00000	-0.00000	-0.33381	-1	0.231413	3.83208	-0.60148	-0.00075	0.16353	182.02935	270.38982	272.04221
-0.80	-0.34	0.48	0.92962	0.00000	-0.00000	-0.36853	-1	0.23513	3.93407	-0.60147	-0.00076	0.16353	183.61040	270.38756	273.62891
-0.80	-0.37	0.46	0.91531	0.00000	-0.00000	-0.40275	-1	0.227695	3.80160	-0.60144	-0.00083	0.16353	191.21193	270.41136	281.28508
-0.80	-0.39	0.43	0.89975	0.00000	-0.00000	-0.43641	-1	0.232342	3.81291	-0.60145	-0.00080	0.16352	189.00478	270.38991	279.07296
-0.80	-0.41	0.40	0.88295	0.00000	-0.00000	-0.46947	-1	0.239777	3.74388	-0.60146	-0.00079	0.16353	188.67208	270.40026	278.73212
-0.80	-0.43	0.37	0.86493	0.00000	-0.00000	-0.50189	-1	0.23513	3.74919	-0.60146	-0.00085	0.16352	193.35841	270.40410	283.49051
-0.80	-0.45	0.34	0.84573	0.00000	-0.00000	-0.53361	-1	0.23513	3.72424	-0.60146	-0.00085	0.16352	193.95000	270.39669	284.09681
-0.80	-0.47	0.30	0.82536	0.00000	-0.00000	-0.56461	-1	0.23513	3.80113	-0.60146	-0.00084	0.16351	193.52979	270.38374	283.68648
-0.80	-0.48	0.27	0.80386	0.00000	-0.00000	-0.59482	-1	0.224907	3.78021	-0.60146	-0.00085	0.16351	196.30330	270.39199	286.45891
-0.80	-0.49	0.23	0.78125	0.00000	-0.00000	-0.62422	-1	0.216543	3.86207	-0.60146	-0.00086	0.16350	196.93479	270.38236	287.10960
-0.80	-0.49	0.19	0.75756	0.00000	-0.00000	-0.65276	-1	0.197026	3.79775	-0.60147	-0.00085	0.16350	195.48685	270.40306	285.71771
-0.80	-0.50	0.16	0.73284	0.00000	-0.00000	-0.68040	-1	0.156134	3.60017	-0.60150	-0.00077	0.16340	188.93594	270.45733	279.49567
-0.79	-0.04	0.62	0.99050	0.13040	-0.00569	-0.04325	-1	0.136617	2.49353	-0.94465	-0.19744	0.11003	89.20231	7.60110	359.83031
-0.78	-0.08	0.61	0.98822	0.13010	-0.01052	-0.07994	-1	0.141264	2.74985	-0.90150	-0.26981	0.10993	353.78991	271.11362	263.88099
-0.77	-0.11	0.61	0.98457	0.12962	-0.01534	-0.11653	-1	0.125465	2.93472	-0.75118	-0.07757	0.39473	268.33185	324.05120	1.98727
-0.76	-0.15	0.60	0.97957	0.12896	-0.02014	-0.15296	-1	0.106877	3.15725	-0.80635	-0.06928	0.41366	180.31666	1.75749	186.96372
-0.75	-0.18	0.58	0.97323	0.12813	-0.02491	-0.18918	-1	0.185874	3.22622	-0.60149	-0.00073	0.16353	179.21737	270.38321	269.20939
-0.74	-0.21	0.57	0.96555	0.12712	-0.02964	-0.22513	-1	0.230483	3.35466	-0.60148	-0.00073	0.16353	179.85255	270.39314	269.84599
-0.73	-0.25	0.55	0.95653	0.12593	-0.03433	-0.26078	-1	0.233271	3.43469	-0.60148	-0.00073	0.16353	179.64902	270.39716	269.64329
-0.73	-0.28	0.53	0.94621	0.12457	-0.03898	-0.29607	-1	0.233271	3.63984	-0.60147	-0.00075	0.16353	181.77642	270.40166	271.78052
-0.72	-0.30	0.51	0.93458	0.12304	-0.04357	-0.33095	-1	0.237918	3.68582	-0.60146	-0.00076	0.16353	182.89092	270.40087	272.90341
-0.71	-0.33	0.48	0.92166	0.12134	-0.04810	-0.36538	-1	0.236989	3.80076	-0.60145	-0.00078	0.16353	184.98198	270.39720	275.02257
-0.70	-0.36	0.46	0.90748	0.11947	-0.05257	-0.39930	-1	0.238848	3.80586	-0.60145	-0.00081	0.16352	189.04528	270.39597	279.12261
-0.70	-0.38	0.43	0.89205	0.11744	-0.05696	-0.43268	-1	0.23513	3.81501	-0.60144	-0.00081	0.16352	189.07221	270.39714	279.13806
-0.69	-0.40	0.40	0.87539	0.11525	-0.06128	-0.46546	-1	0.232342	3.57238	-0.60145	-0.00082	0.16352	191.26023	270.39959	281.35797
-0.69	-0.42	0.37	0.85753	0.11290	-0.06551	-0.49759	-1	0.231413	3.62415	-0.60144	-0.00083	0.16352	191.15263	270.39413	281.28162
-0.68	-0.44	0.34	0.83849	0.11039	-0.06965	-0.52905	-1	0.226766	3.52444	-0.60143	-0.00085	0.16352	193.16389	270.39780	283.30085
-0.68	-0.45	0.30	0.81830	0.10773	-0.07370	-0.55978	-1	0.22119	3.53642	-0.60144	-0.00086	0.16351	197.25796	270.39385	287.41380
-0.68	-0.46	0.27	0.79698	0.10492	-0.07764	-0.58973	-1	0.217472	3.60479	-0.60144	-0.00085	0.16351	196.09587	270.38994	286.24015
-0.67	-0.47	0.23	0.77456	0.10197	-0.08148	-0.61888	-1	0.219331	3.60939	-0.60143	-0.00085	0.16349	199.04556	270.37555	289.19268
-0.67	-0.48	0.19	0.75108	0.09888	-0.08520	-0.64718	-1	0.204461	3.65835	-0.60145	-0.00083	0.16350	195.62731	270.38827	285.82258
-0.67	-0.48	0.16	0.72657	0.09565	-0.08881	-0.67458	-1	0.137546	3.39235	-0.57617	-0.03508	0.28182	180.91685	4.59377	180.13400
-0.78	-0.04	0.62	0.96501	0.25857	-0.01129	-0.04213	-1	0.128253	2.39982	-0.94507	-0.19756	0.11002	89.18815	7.67073	359.82625
-0.76	-0.07	0.61	0.96278	0.25798	-0.02087	-0.07789	-1	0.120818	2.60042	-0.55014	-0.24662	0.10990	274.46795	77.08605	175.36145
-0.74	-0.10	0.61	0.95923	0.25703	-0.03042	-0.11353	-1	0.136617	2.81984	-0.66241	-0.07101	0.40359	273.94475	13.04988	344.04434
-0.72	-0.13	0.60	0.95436	0.25572	-0.03993	-0.14902	-1	0.135688	3.02934	-0.90116	-0.27039	0.10996	317.27889	271.39678	227.39649
-0.71	-0.16	0.58	0.94818	0.25406	-0.04939	-0.18431	1	0.138476	3.14540	-0.60148	-0.00073	0.16354	180.78874	270.37737	270.72195
-0.69	-0.19	0.57	0.94069	0.25206	-0.05877	-0.21934	1	0.207249	3.19088	-0.60148	-0.00073	0.16353	179.31869	270.39077	269.30894
-0.67	-0.22	0.55	0.93191	0.24971	-0.06808	-0.25407	1	0.223978	3.39819	-0.60148	-0.00073	0.16353	179.28778	270.38658	269.28642
-0.66	-0.25	0.53	0.92185	0.24701	-0.07729	-0.28845	1	0.226766	3.41273	-0.60147	-0.00074	0.16353	180.82945	270.39124	270.82992
-0.64	-0.27	0.51	0.91052	0.24397	-0.08640	-0.32243	1	0.226766	3.43107	-0.60146	-0.00075	0.16352	181.37756	270.38967	271.39340
-0.63	-0.30	0.48	0.89794	0.24060	-0.09538	-0.35597	1	0.231413	3.59957	-0.60147	-0.00076	0.16353	182.95275	270.39410	272.97791
-0.62	-0.32	0.46	0.88412	0.23690	-0.10424	-0.38902	1	0.231413	3.59294	-0.60145	-0.00076	0.16352	183.09261	270.38554	273.12868
-0.60	-0.34	0.43	0.86909	0.23287	-0.11295	-0.42154	1	0.229554	3.53556	-0.60144	-0.00078	0.16352	185.73535	270.38905	275.78128
-0.59	-0.36	0.40	0.85286	0.22852	-0.12151	-0.45347	1	0.227695	3.43364	-0.60143	-0.00083	0.16351	191.27508	270.39076	281.39079
-0.58	-0.38	0.37	0.83546	0.22386	-0.12990	-0.48479	1	0.23513	3.35495	-0.60140	-0.00084	0.16351	192.17148	270.39125	282.27265
-0.57	-0.39	0.34	0.81691	0.21889	-0.13811	-0.51543	1	0.227695	3.42237	-0.60144	-0.00084	0.16350	192.01299	270.38624	282.15142
-0.57	-0.40	0.30	0.79724	0.21362	-0.14613	-0.54537	1	0.224907	3.35659	-0.60143	-0.00085	0.16350	195.34066	270.38213	285.49690
-0.56	-0.41	0.27	0.77647	0.20805	-0.15395	-0.57455	1	0.222119	3.43473	-0.60144	-0.00085	0.16350	197.10445	270.39083	287.27257
-0.56	-0.42	0.23	0.75463	0.20220	-0.16156	-0.60295	1	0.22026	3.48567	-0.60143	-0.00084	0.16347	199.53225	270.36511	289.71534
-0.55	-0.43	0.19	0.73175	0.19607	-0.16895	-0.63052	1	0.210037	3.50778	-0.60145	-0.00084	0.16348	197.78556	270.36712	287.98058
-0.55	-0.43	0.16	0.70787	0.18967	-0.17610	-0.65722	1	0.126394	3.39046	-0.53479	-0.30756	0.10266	172.44924	67.63998	189.28041
-0.77	-0.03	0.62	0.92300	0.38232	-0.01669	-0.04030	-1	0.127323	2.36151	-0.52695	-0.24032	0.10988	87.01870	67.15523	2.58318
-0.74	-0.06	0.61	0.92087	0.38144	-0.03086	-0.07450	-1	0.158922	2.47296	-0.65514	-0.07274	0.40833	273.54635	12.14410	346.86469
-0.72	-0.08	0.61	0.91748	0.38003	-0.04498	-0.10859	-1	0.134758	2.68696	-0.65127	-0.07402	0.40441	275.59154	13.37314	342.32843
-0.69	-0.11	0.60	0.91282	0.37810	-0.05904	-0.14254	1	0.138476	2.89350	-0.66246	-0.07156	0.40222	274.90768	12.83673	343.99395
-0.67	-0.13	0.58	0.90691	0.37565	-0.07302	-0.17628	1	0.131041	2.96713	-0.66141	-0.07126	0.40292	275.62454	15.51777	342.24655
-0.64	-0.16	0.57	0.89975	0.37269	-0.08690	-0.20979	1	0.112454	3.08323	-0.66264	-0.07125	0.40212	275.88788	15.34117	342.48122
-0.62	-0.18	0.55	0.89135	0.36921	-0.10066	-0.24301	1	0.181227	3.10683	-0.60148	-0.00073	0.16353	179.24945	270.38847	269.23469
-0.60	-0.20	0.53	0.88172	0.36522	-0.11428	-0.27589	1	0.20632	3.08149	-0.60147	-0.00073	0.16353	179.67477	270.40365	269.67021
-0.58	-0.22	0.51	0.87089	0.36073	-0.12774	-0.30840	1	0.207249	3.27681	-0.60147	-0.00073	0.16353	179.71506	270.40240	269.71539
-0.56	-0.24	0.48	0.85885	0.35575	-0.14103	-0.34048	1	0.209108	3.36063	-0.60145	-0.00074	0.16352	181.08763	270.39257	271.12378
-0.54	-0.26	0.46	0.84564	0.35027	-0.15412	-0.37209	1	0.210967	3.39421	-0.60146	-0.00078	0.16352	185.39862	270.39036	275.46993
-0.52	-0.28	0.43	0.83126	0.34432	-0.16701	-0.40319	1	0.211896	3.35394	-0.60145	-0.00080	0.16351	188.32918	270.38484	278.43364
-0.51	-0.29	0.40	0.81574	0.33789	-0.17966	-0.43374	1	0.211896	3.47486	-0.60146	-0.00081	0.16350	189.74679	270.37889	279.86168
-0.49	-0.31	0.37	0.79909	0.33100	-0.19206	-0.46368	1	0.22119	3.34652	-0.60147	-0.00079	0.16350	187.34388	270.37275	277.42660
-0.48	-0.32	0.34	0.78135	0.32365	-0.20421	-0.49300	1	0.210967	3.31684	-0.60144	-0.00082	0.16348	191.58726	270.36593	281.73339
-0.47	-0.33	0.30	0.76253	0.31585	-0.21607	-0.52163	1	0.213755	3.43854	-0.60144	-0.00082	0.16347	191.50142	270.36692	281.65856
-0.46	-0.34	0.27	0.74267	0.30762	-0.22763	-0.54954	1	0.20632	3.39044	-0.60145	-0.00085	0.16347	195.87829	270.37613	286.06305
-0.46	-0.34	0.23	0.72178	0.29897	-0.23888	-0.57670	1	0.202602	3.45287	-0.60145	-0.00085	0.16346	199.58199	270.37720	289.77799
-0.45	-0.35	0.19	0.69990	0.28991	-0.24980	-0.60307	1	0.184015	3.58302	-0.60147	-0.00082	0.16345	198.73775	270.36777	288.98695
-0.45	-0.35	0.16	0.67706	0.28045	-0.26038	-0.62861	1	0.160781	3.42966	-0.48527	-0.32910	0.10998	270.26860	2.74904	358.91128
-0.76	-0.02	0.62	0.86520	0.49952	-0.02181	-0.03778	-1	0.123606	2.17306	-0.79405	0.02192	0.40253	94.91515	30.18815	349.16103
-0.73	-0.04	0.61	0.86321	0.49837	-0.04032	-0.06983	-1	0.124535	2.23610	-0.67917	0.03948	0.40386	93.88701	340.07542	12.54928
-0.70	-0.06	0.61	0.86002	0.49653	-0.05877	-0.10179	1	0.134758	2.41474	-0.90158	-0.27115	0.10994	308.71334	271.65621	218.87128
-0.67	-0.08	0.60	0.85566	0.49401	-0.07714	-0.13361	1	0.134758	2.56021	-0.90151	-0.27144	0.10994	305.75113	271.79602	215.85235
-0.64	-0.09	0.58	0.85011	0.49081	-0.09540	-0.16525	1	0.135688	2.67010	-0.66190	-0.07099	0.40253	275.47481	15.24125	342.66778
-0.61	-0.11	0.57	0.84340	0.48694	-0.11354	-0.19665	1	0.140335	2.79610	-0.90125	-0.26953	0.10987	6.60924	271.14455	276.71885
-0.58	-0.13	0.55	0.83553	0.48239	-0.13152	-0.22779	1	0.121747	2.88679	-0.65909	-0.07163	0.40306	275.69437	16.95376	342.35037
-0.55	-0.14	0.53	0.82651	0.47719	-0.14931	-0.25862	1	0.108736	2.96885	-0.79340	-0.07866	0.39219	269.39271	16.96683	0.64091
-0.53	-0.16	0.51	0.81635	0.47132	-0.16690	-0.28909	1	0.149628	3.16252	-0.60148	-0.00071	0.16353	179.30928	270.39904	269.30088
-0.50	-0.17	0.48	0.80507	0.46481	-0.18427	-0.31916	1	0.155204	3.11596	-0.60149	-0.00073	0.16351	180.96083	270.39877	270.99727
-0.48	-0.18	0.46	0.79268	0.45766	-0.20137	-0.34879	1	0.150558	3.20774	-0.60148	-0.00063	0.16349	173.25447	270.41006	83.26419
-0.46	-0.20	0.43	0.77920	0.44987	-0.21820	-0.37794	1	0.14777	3.21218	-0.60149	-0.00083	0.16346	191.80932	270.37584	281.94904
-0.44	-0.21	0.40	0.76466	0.44147	-0.23474	-0.40657	1	0.145911	3.29072	-0.60146	-0.00082	0.16345	192.18129	270.37013	282.32510
-0.42	-0.22	0.37	0.74905	0.43247	-0.25094	-0.43465	1	0.152416	3.31823	-0.60150	-0.00081	0.16345	191.35869	270.36560	281.52684
-0.41	-0.23	0.34	0.73242	0.42286	-0.26681	-0.46212	1	0.151487	3.45768	-0.60150	-0.00086	0.16339	197.59019	270.34217	287.78006
-0.40	-0.23	0.30	0.71478	0.41268	-0.28230	-0.48896	1	0.148699	3.35047	-0.60152	-0.00086	0.16338	197.92395	270.34068	288.18904
-0.39	-0.24	0.27	0.69616	0.40193	-0.29741	-0.51513	1	0.144981	3.35104	-0.42668	-0.26942	0.10968	92.33156	275.39170	186.29086
-0.38	-0.24	0.23	0.67658	0.39062	-0.31211	-0.54059	1	0.153346	3.51387	-0.42646	-0.27341	0.10983	100.25411	273.30713	193.78202
-0.37	-0.25	0.19	0.65607	0.37878	-0.32638	-0.56531	1	0.112454	3.53600	-0.45186	-0.27095	0.13086	179.59649	3.97201	80.84308
-0.37	-0.25	0.16	0.63466	0.36642	-0.34020	-0.58924	1	0.127323	3.60781	-0.45230	-0.25977	0.12977	176.17330	2.95533	82.22755
-0.76	-0.01	0.62	0.79260	0.60818	-0.02655	-0.03461	-1	0.13197	2.12869	-0.90108	-0.27089	0.10993	309.78643	271.72231	219.89731
-0.72	-0.02	0.61	0.79077	0.60678	-0.04909	-0.06397	-1	0.137546	2.12378	-0.51813	-0.19591	0.10997	88.93335	27.91506	0.45273
-0.69	-0.03	0.61	0.78785	0.60454	-0.07155	-0.09325	1	0.128253	2.06768	-0.96605	-0.20241	0.10995	89.09195	19.08300	359.93286
-0.65	-0.04	0.60	0.78385	0.60147	-0.09392	-0.12240	1	0.1329	2.13492	-0.90249	-0.26140	0.10999	61.72531	271.87416	331.80952
-0.62	-0.05	0.58	0.77878	0.59758	-0.11616	-0.15138	1	0.1329	2.11241	-0.54878	-0.24858	0.10993	273.72656	75.87337	176.15976
-0.59	-0.06	0.57	0.77263	0.59286	-0.13824	-0.18015	1	0.136617	2.13950	-0.90133	-0.27057	0.10995	314.75491	271.51460	224.89840
-0.55	-0.07	0.55	0.76542	0.58733	-0.16012	-0.20868	1	0.157063	2.30244	-0.57032	-0.04066	0.43590	245.45777	308.09919	323.89195
-0.52	-0.07	0.53	0.75715	0.58098	-0.18179	-0.23691	1	0.138476	2.62196	-0.90132	-0.27004	0.10994	314.84936	271.43724	225.01001
-0.50	-0.08	0.51	0.74785	0.57384	-0.20321	-0.26483	1	0.106877	2.81078	-0.54826	-0.03813	0.44019	170.82871	332.19568	170.98279
-0.47	-0.09	0.48	0.73751	0.56591	-0.22435	-0.29237	1	0.124535	2.93490	-0.54718	-0.05403	0.28459	270.22564	1.58505	80.34564
-0.44	-0.10	0.46	0.72617	0.55721	-0.24518	-0.31952	1	0.136617	3.07698	-0.53490	-0.20235	0.11006	89.04690	39.55546	0.21594
-0.42	-0.10	0.43	0.71382	0.54773	-0.26567	-0.34623	1	0.133829	3.07631	-0.54571	-0.05376	0.28376	270.22802	0.97440	76.08599
-0.40	-0.11	0.40	0.70049	0.53750	-0.28580	-0.37246	1	0.113383	3.20368	-0.55163	-0.03697	0.29744	326.02495	2.55011	93.50004
-0.38	-0.11	0.37	0.68620	0.52654	-0.30553	-0.39817	1	0.135688	3.27812	-0.54270	-0.05292	0.29222	268.76615	359.51441	88.45323
-0.36	-0.12	0.34	0.67096	0.51485	-0.32484	-0.42334	1	0.144052	3.38667	-0.54265	-0.05301	0.29126	269.19363	359.58780	88.06423
-0.35	-0.12	0.30	0.65480	0.50245	-0.34371	-0.44793	1	0.140335	3.42512	-0.54303	-0.05271	0.29296	268.56364	359.43246	89.53550
-0.34	-0.12	0.27	0.63774	0.48936	-0.36211	-0.47190	1	0.120818	3.41639	-0.55107	-0.01455	0.32164	187.64719	8.21493	84.11934
-0.33	-0.13	0.23	0.61981	0.47559	-0.38000	-0.49523	1	0.111524	3.52011	-0.54299	-0.00893	0.33066	183.00377	0.24380	89.65307
-0.32	-0.13	0.19	0.60102	0.46118	-0.39737	-0.51787	1	0.139405	3.62421	-0.45140	0.15733	0.05060	276.53229	7.52076	88.90105
-0.32	-0.13	0.16	0.58140	0.44612	-0.41420	-0.53980	1	0.126394	3.52660	-0.54291	-0.05294	0.29366	268.80569	359.70606	88.69903
-0.76	0.00	0.62	0.70643	0.70643	-0.03084	-0.03084	-1	0.127323	2.11200	-1.00237	-0.25164	0.10988	84.41139	77.61624	184.98561
-0.72	0.00	0.61	0.70480	0.70480	-0.05702	-0.05702	-1	0.131041	1.94196	-1.00395	-0.25324	0.10977	83.21776	78.79921	185.91409
-0.68	0.00	0.61	0.70221	0.70221	-0.08311	-0.08311	1	0.118959	1.81271	-0.64090	-0.00160	0.41105	183.23730	281.81808	264.04092
-0.65	0.00	0.60	0.69864	0.69864	-0.10909	-0.10909	1	0.121747	1.71839	-0.63954	-0.00460	0.40667	191.24546	281.34835	279.97273
-0.61	0.00	0.58	0.69412	0.69412	-0.13492	-0.13492	1	0.14684	1.55255	-0.63918	0.00059	0.40669	183.78540	281.00851	273.16305
-0.58	0.00	0.57	0.68864	0.68864	-0.16057	-0.16057	1	0.125465	1.46315	-0.64351	-0.00361	0.41833	180.73678	284.22402	265.51169
-0.55	0.00	0.55	0.68221	0.68221	-0.18599	-0.18599	1	0.114312	1.46483	-0.68566	0.00908	0.41111	24.26834	82.14113	244.06141
-0.52	0.00	0.53	0.67484	0.67484	-0.21116	-0.21116	1	0.130112	1.68857	-0.54381	-0.24973	0.10995	84.22364	80.27386	5.41469
-0.49	0.00	0.51	0.66655	0.66655	-0.23604	-0.23604	1	0.130112	2.02604	-0.51622	0.13840	0.11002	270.98959	26.98214	179.05872
-0.46	0.00	0.48	0.65734	0.65734	-0.26059	-0.26059	1	0.116171	2.42509	-0.54631	0.01321	0.44663	184.79929	358.95986	83.91809
-0.43	0.00	0.46	0.64722	0.64722	-0.28478	-0.28478	1	0.101301	2.81602	-0.54276	0.00054	0.34311	178.88039	0.94389	88.02970
-0.41	0.00	0.43	0.63622	0.63622	-0.30859	-0.30859	1	0.105948	3.22289	-0.45204	0.19960	0.12955	178.24852	1.68540	95.79612
-0.39	0.00	0.40	0.62434	0.62434	-0.33197	-0.33197	1	0.119888	3.23450	-0.42845	0.19779	0.10908	269.64584	280.77802	355.17690
-0.37	0.00	0.37	0.61160	0.61160	-0.35489	-0.35489	1	0.109665	3.39689	-0.55260	-0.00120	0.34027	181.33930	7.05762	86.67483
-0.35	0.00	0.34	0.59802	0.59802	-0.37732	-0.37732	1	0.116171	3.49427	-0.54288	0.00293	0.33893	178.95019	0.95498	87.83059
-0.33	0.00	0.30	0.58362	0.58362	-0.39924	-0.39924	1	0.107807	3.59598	-0.56363	-0.00941	0.34222	186.07994	15.10294	262.53559
-0.32	0.00	0.27	0.56841	0.56841	-0.42060	-0.42060	-1	0.0938662	3.55167	-0.55540	0.00965	0.35357	168.94859	8.09948	88.59007
-0.31	0.00	0.23	0.55243	0.55243	-0.44139	-0.44139	-1	0.125465	3.57707	-0.42768	0.20016	0.10909	270.29247	278.63281	356.13284
-0.31	0.00	0.19	0.53568	0.53568	-0.46157	-0.46157	1	0.106877	3.60019	-0.53397	-0.00118	0.25544	359.55086	350.66517	269.62401
-0.30	0.00	0.16	0.51820	0.51820	-0.48112	-0.48112	1	0.0994424	3.55695	-0.54276	-0.00515	0.30452	182.99014	3.62519	265.80239
-0.76	0.01	0.62	0.60818	0.79260	-0.03461	-0.02655	-1	0.130112	2.00632	-0.54873	-0.24690	0.10994	274.27894	77.85125	175.63504
-0.72	0.02	0.61	0.60678	0.79077	-0.06397	-0.04909	-1	0.137546	1.91622	-0.96271	-0.23514	0.11799	90.81997	7.42785	179.86494
-0.69	0.03	0.61	0.60454	0.78785	-0.09325	-0.07155	1	0.134758	1.80145	-0.50509	0.14721	0.11008	270.86996	17.60717	359.07257
-0.65	0.04	0.60	0.60147	0.78385	-0.12240	-0.09392	1	0.122677	1.71376	-0.74006	0.07072	0.38876	87.98694	314.97087	178.50467
-0.62	0.05	0.58	0.59758	0.77878	-0.15138	-0.11616	1	0.127323	1.68474	-0.67974	0.02424	0.40304	73.31311	51.22945	201.35923
-0.59	0.06	0.57	0.59286	0.77263	-0.18015	-0.13824	1	0.131041	1.78584	-0.64467	-0.01344	0.41243	218.24088	287.10999	306.33967
-0.55	0.07	0.55	0.58733	0.76542	-0.20868	-0.16012	1	0.150558	1.89281	-0.64492	-0.00079	0.41994	191.53412	284.71135	281.80402
-0.52	0.07	0.53	0.58098	0.75715	-0.23691	-0.18179	1	0.128253	2.27216	-0.58689	0.01011	0.45666	179.96726	33.12494	81.02199
-0.50	0.08	0.51	0.57384	0.74785	-0.26483	-0.20321	1	0.129182	2.63754	-0.54953	-0.24838	0.10992	273.95574	75.89396	175.97979
-0.47	0.09	0.48	0.56591	0.73751	-0.29237	-0.22435	1	0.106877	2.84888	-0.56930	0.03423	0.44644	180.70205	355.93952	17.18845
-0.44	0.10	0.46	0.55721	0.72617	-0.31952	-0.24518	1	0.124535	2.96142	-0.89401	0.20124	0.10992	276.21853	279.67854	185.73734
-0.42	0.10	0.43	0.54773	0.71382	-0.34623	-0.26567	1	0.167286	3.17070	-0.42857	0.19481	0.10970	275.89870	279.94038	4.81344
-0.40	0.11	0.40	0.53750	0.70049	-0.37246	-0.28580	1	0.0957249	3.24277	-0.55828	0.01362	0.30607	0.87503	6.94636	92.39517
-0.38	0.11	0.37	0.52654	0.68620	-0.39817	-0.30553	1	0.153346	3.44083	-0.54720	0.05404	0.28548	88.70354	2.45863	101.68135
-0.36	0.12	0.34	0.51485	0.67096	-0.42334	-0.32484	1	0.098513	3.60573	-0.54126	0.04601	0.32560	51.99483	354.39955	83.92025
-0.35	0.12	0.30	0.50245	0.65480	-0.44793	-0.34371	1	0.145911	3.60026	-0.45171	0.19923	0.12913	181.05519	1.00146	95.99718
-0.34	0.12	0.27	0.48936	0.63774	-0.47190	-0.36211	1	0.137546	3.67108	-0.46824	0.15118	0.11016	270.30947	352.74305	358.60927
-0.33	0.13	0.23	0.47559	0.61981	-0.49523	-0.38000	1	0.1329	3.62422	-0.45113	0.20733	0.12932	178.37647	1.24311	97.78672
-0.32	0.13	0.19	0.46118	0.60102	-0.51787	-0.39737	1	0.14684	3.76495	-0.45138	0.20528	0.12913	178.94739	1.08071	97.47228
-0.32	0.13	0.16	0.44612	0.58140	-0.53980	-0.41420	1	0.109665	3.70581	-0.44658	0.19205	0.12873	188.18201	359.36035	98.02761
-0.76	0.02	0.62	0.49952	0.86520	-0.03778	-0.02181	-1	0.14684	2.05633	-0.50264	0.14568	0.11005	270.78813	16.58275	179.41337
-0.73	0.04	0.61	0.49837	0.86321	-0.06983	-0.04032	-1	0.130112	1.91710	-0.60678	-0.26245	0.11000	84.85888	81.01591	4.98105
-0.70	0.06	0.61	0.49653	0.86002	-0.10179	-0.05877	-1	0.1329	1.91619	-0.50051	0.14488	0.10999	270.87780	15.28431	179.54736
-0.67	0.08	0.60	0.49401	0.85566	-0.13361	-0.07714	1	0.124535	2.06917	-0.64100	-0.00425	0.40706	202.07147	282.83197	292.22741
-0.64	0.09	0.58	0.49081	0.85011	-0.16525	-0.09540	1	0.143123	2.24281	-0.68714	0.07333	0.39764	88.56812	357.08959	186.38396
-0.61	0.11	0.57	0.48694	0.84340	-0.19665	-0.11354	1	0.143123	2.36047	-0.68723	0.07326	0.39760	88.57776	357.51498	186.26840
-0.58	0.13	0.55	0.48239	0.83553	-0.22779	-0.13152	1	0.133829	2.50414	-0.64458	0.07572	0.40661	84.38819	13.56823	198.13121
-0.55	0.14	0.53	0.47719	0.82651	-0.25862	-0.14931	1	0.116171	2.63172	-0.60149	-0.00081	0.16353	181.22555	270.40587	271.24278
-0.53	0.16	0.51	0.47132	0.81635	-0.28909	-0.16690	1	0.158922	2.83865	-0.60152	-0.00082	0.16352	183.18962	270.38318	273.22773
-0.50	0.17	0.48	0.46481	0.80507	-0.31916	-0.18427	1	0.175651	3.08161	-0.60150	-0.00088	0.16351	188.22670	270.39446	278.25156
-0.48	0.18	0.46	0.45766	0.79268	-0.34879	-0.20137	1	0.168216	3.03317	-0.60153	-0.00090	0.16354	189.71456	270.40401	279.78781
-0.46	0.20	0.43	0.44987	0.77920	-0.37794	-0.21820	1	0.172862	3.06552	-0.60151	-0.00097	0.16355	194.86388	270.42646	284.95132
-0.44	0.21	0.40	0.44147	0.76466	-0.40657	-0.23474	1	0.175651	3.24514	-0.60152	-0.00094	0.16358	192.49987	270.43105	282.59352
-0.42	0.22	0.37	0.43247	0.74905	-0.43465	-0.25094	1	0.170074	3.39084	-0.60155	-0.00097	0.16355	195.72091	270.41213	285.82394
-0.41	0.23	0.34	0.42286	0.73242	-0.46212	-0.26681	1	0.168216	3.48388	-0.60153	-0.00102	0.16355	199.22987	270.41199	289.31910
-0.40	0.23	0.30	0.41268	0.71478	-0.48896	-0.28230	1	0.165428	3.49896	-0.60152	-0.00103	0.16356	198.96421	270.41612	289.06274
-0.39	0.24	0.27	0.40193	0.69616	-0.51513	-0.29741	1	0.156134	3.52735	-0.60157	-0.00104	0.16360	199.52220	270.43763	289.63724
-0.38	0.24	0.23	0.39062	0.67658	-0.54059	-0.31211	1	0.139405	3.62941	-0.60158	-0.00102	0.16357	196.04021	270.41796	286.13909
-0.37	0.25	0.19	0.37878	0.65607	-0.56531	-0.32638	1	0.137546	3.79514	-0.44959	0.21910	0.12870	180.15906	359.99930	94.15091
-0.37	0.25	0.16	0.36642	0.63466	-0.58924	-0.34020	1	0.126394	3.74779	-0.44909	0.22212	0.12828	178.25499	359.56321	93.53948
-0.77	0.03	0.62	0.38232	0.92300	-0.04030	-0.01669	-1	0.134758	2.07444	-1.00302	-0.26893	0.10965	7.89888	88.76030	81.84592
-0.74	0.06	0.61	0.38144	0.92087	-0.07450	-0.03086	-1	0.127323	2.02904	-0.64438	0.07541	0.40732	85.30007	12.06667	197.35317
-0.72	0.08	0.61	0.38003	0.91748	-0.10859	-0.04498	-1	0.1329	2.16690	-0.49110	0.14095	0.10992	271.03102	4.98382	179.40469
-0.69	0.11	0.60	0.37810	0.91282	-0.14254	-0.05904	-1	0.138476	2.46448	-0.69386	0.07399	0.39797	87.91912	356.26435	192.46955
-0.67	0.13	0.58	0.37565	0.90691	-0.17628	-0.07302	1	0.125465	2.54824	-0.69524	0.07220	0.39905	91.02560	356.25668	194.90587
-0.64	0.16	0.57	0.37269	0.89975	-0.20979	-0.08690	1	0.142193	2.69154	-0.68735	0.07320	0.39775	88.65522	357.40917	186.34117
-0.62	0.18	0.55	0.36921	0.89135	-0.24301	-0.10066	1	0.184944	2.76714	-0.60148	-0.00080	0.16353	181.59587	270.39267	271.61881
-0.60	0.20	0.53	0.36522	0.88172	-0.27589	-0.11428	1	0.22026	2.79811	-0.60148	-0.00079	0.16353	182.08358	270.39871	272.09155
-0.58	0.22	0.51	0.36073	0.87089	-0.30840	-0.12774	1	0.219331	2.94978	-0.60148	-0.00081	0.16353	182.97457	270.39405	272.98187
-0.56	0.24	0.48	0.35575	0.85885	-0.34048	-0.14103	1	0.228625	3.09392	-0.60149	-0.00082	0.16353	183.56146	270.40114	273.58343
-0.54	0.26	0.46	0.35027	0.84564	-0.37209	-0.15412	1	0.236059	3.25392	-0.60151	-0.00082	0.16353	183.19292	270.39326	273.22211
-0.52	0.28	0.43	0.34432	0.83126	-0.40319	-0.16701	1	0.237918	3.25229	-0.60151	-0.00085	0.16353	185.48673	270.39247	275.53116
-0.51	0.29	0.40	0.33789	0.81574	-0.43374	-0.17966	1	0.240706	3.36939	-0.60151	-0.00087	0.16354	187.25385	270.39999	277.31185
-0.49	0.31	0.37	0.33100	0.79909	-0.46368	-0.19206	1	0.240706	3.35018	-0.60151	-0.00090	0.16354	189.37125	270.39860	279.45198
-0.48	0.32	0.34	0.32365	0.78135	-0.49300	-0.20421	1	0.232342	3.42020	-0.60151	-0.00092	0.16354	190.77134	270.39520	280.86096
-0.47	0.33	0.30	0.31585	0.76253	-0.52163	-0.21607	1	0.223048	3.44912	-0.60151	-0.00096	0.16354	192.77115	270.39623	282.86461
-0.46	0.34	0.27	0.30762	0.74267	-0.54954	-0.22763	1	0.214684	3.46520	-0.60150	-0.00094	0.16354	190.83088	270.38514	280.92611
-0.46	0.34	0.23	0.29897	0.72178	-0.57670	-0.23888	1	0.20539	3.59705	-0.60152	-0.00096	0.16354	188.68213	270.37745	278.79270
-0.45	0.35	0.19	0.28991	0.69990	-0.60307	-0.24980	1	0.19052	3.65518	-0.60152	-0.00098	0.16355	187.91673	270.37375	278.02119
-0.45	0.35	0.16	0.28045	0.67706	-0.62861	-0.26038	1	0.11803	3.54104	-0.54952	0.05426	0.29162	88.43323	3.26915	100.98354
-0.78	0.04	0.62	0.25857	0.96501	-0.04213	-0.01129	-1	0.134758	2.09158	-0.90416	-0.27915	0.10999	277.79291	277.38640	187.97654
-0.76	0.07	0.61	0.25798	0.96278	-0.07789	-0.02087	-1	0.121747	2.17553	-0.78970	0.01741	0.40177	95.22210	31.50823	349.09347
-0.74	0.10	0.61	0.25703	0.95923	-0.11353	-0.03042	-1	0.104089	2.35718	-0.77421	0.08899	0.38957	88.30688	340.97492	173.79424
-0.72	0.13	0.60	0.25572	0.95436	-0.14902	-0.03993	-1	0.142193	2.58671	-0.93267	0.10549	0.10999	270.81684	335.01778	0.36986
-0.71	0.16	0.58	0.25406	0.94818	-0.18431	-0.04939	-1	0.136617	2.70363	-0.60146	-0.00077	0.16354	177.97454	270.40352	268.00908
-0.69	0.19	0.57	0.25206	0.94069	-0.21934	-0.05877	-1	0.208178	2.85008	-0.60149	-0.00079	0.16353	181.78233	270.38636	271.79713
-0.67	0.22	0.55	0.24971	0.93191	-0.25407	-0.06808	1	0.240706	2.88736	-0.60148	-0.00078	0.16353	181.39969	270.39164	271.39931
-0.66	0.25	0.53	0.24701	0.92185	-0.28845	-0.07729	1	0.239777	3.04484	-0.60149	-0.00079	0.16352	181.65953	270.38694	271.66849
-0.64	0.27	0.51	0.24397	0.91052	-0.32243	-0.08640	1	0.246283	3.20782	-0.60148	-0.00079	0.16353	181.79227	270.39256	271.79951
-0.63	0.30	0.48	0.24060	0.89794	-0.35597	-0.09538	1	0.246283	3.26749	-0.60149	-0.00080	0.16353	182.43220	270.39008	272.44352
-0.62	0.32	0.46	0.23690	0.88412	-0.38902	-0.10424	1	0.248141	3.39610	-0.60149	-0.00081	0.16353	182.32066	270.38841	272.33580
-0.60	0.34	0.43	0.23287	0.86909	-0.42154	-0.11295	1	0.243494	3.38241	-0.60149	-0.00081	0.16353	182.30003	270.38550	272.31675
-0.59	0.36	0.40	0.22852	0.85286	-0.45347	-0.12151	1	0.242565	3.34690	-0.60149	-0.00083	0.16352	183.65068	270.38210	273.68581
-0.58	0.38	0.37	0.22386	0.83546	-0.48479	-0.12990	1	0.25	3.35978	-0.60148	-0.00086	0.16353	185.05768	270.38391	275.11611
-0.57	0.39	0.34	0.21889	0.81691	-0.51543	-0.13811	1	0.25	3.31134	-0.60149	-0.00087	0.16353	185.39228	270.38006	275.44753
-0.57	0.40	0.30	0.21362	0.79724	-0.54537	-0.14613	1	0.238848	3.43751	-0.60149	-0.00087	0.16353	185.14351	270.37232	275.21478
-0.56	0.41	0.27	0.20805	0.77647	-0.57455	-0.15395	1	0.229554	3.53787	-0.60149	-0.00091	0.16353	186.24647	270.37148	276.33323
-0.56	0.42	0.23	0.20220	0.75463	-0.60295	-0.16156	1	0.223048	3.47672	-0.60150	-0.00090	0.16353	183.18507	270.36973	273.27757
-0.55	0.43	0.19	0.19607	0.73175	-0.63052	-0.16895	1	0.213755	3.51032	-0.60149	-0.00090	0.16354	180.94665	270.36345	271.06297
-0.55	0.43	0.16	0.18967	0.70787	-0.65722	-0.17610	1	0.159851	3.41812	-0.60147	-0.00084	0.16366	176.00344	270.29023	266.44522
-0.79	0.04	0.62	0.13040	0.99050	-0.04325	-0.00569	-1	0.13197	2.17320	-0.50216	0.14601	0.11000	270.86580	16.46728	179.59596
-0.78	0.08	0.61	0.13010	0.98822	-0.07994	-0.01052	-1	0.119888	2.27223	-0.64993	0.07405	0.40643	86.21463	10.48321	196.35125
-0.77	0.11	0.61	0.12962	0.98457	-0.11653	-0.01534	-1	0.148699	2.49149	-0.93135	0.10595	0.10999	270.86526	334.44594	0.31739
-0.76	0.15	0.60	0.12896	0.97957	-0.15296	-0.02014	-1	0.115242	2.66090	-0.82781	0.06964	0.40790	178.62681	16.94578	1.31311
-0.75	0.18	0.58	0.12813	0.97323	-0.18918	-0.02491	-1	0.16171	2.85383	-0.60148	-0.00079	0.16353	181.52671	270.38620	271.55303
-0.74	0.21	0.57	0.12712	0.96555	-0.22513	-0.02964	-1	0.227695	2.94417	-0.60148	-0.00078	0.16353	181.20233	270.39116	271.21013
-0.73	0.25	0.55	0.12593	0.95653	-0.26078	-0.03433	-1	0.241636	3.03755	-0.60148	-0.00079	0.16353	182.02548	270.38973	272.02915
-0.73	0.28	0.53	0.12457	0.94621	-0.29607	-0.03898	-1	0.247212	3.26259	-0.60148	-0.00080	0.16353	181.88109	270.39420	271.88660
-0.72	0.30	0.51	0.12304	0.93458	-0.33095	-0.04357	-1	0.249071	3.37133	-0.60148	-0.00080	0.16353	182.41580	270.39567	272.43467
-0.71	0.33	0.48	0.12134	0.92166	-0.36538	-0.04810	-1	0.248141	3.46563	-0.60148	-0.00080	0.16353	181.41373	270.39560	271.43205
-0.70	0.36	0.46	0.11947	0.90748	-0.39930	-0.05257	-1	0.248141	3.45727	-0.60148	-0.00081	0.16353	182.06420	270.38846	272.09229
-0.70	0.38	0.43	0.11744	0.89205	-0.43268	-0.05696	-1	0.251859	3.51637	-0.60148	-0.00083	0.16353	183.87267	270.38622	273.90998
-0.69	0.40	0.40	0.11525	0.87539	-0.46546	-0.06128	-1	0.255576	3.37582	-0.60149	-0.00083	0.16352	183.00579	270.38196	273.04232
-0.69	0.42	0.37	0.11290	0.85753	-0.49759	-0.06551	-1	0.25	3.37768	-0.60148	-0.00085	0.16353	184.94799	270.38113	274.98537
-0.68	0.44	0.34	0.11039	0.83849	-0.52905	-0.06965	-1	0.243494	3.39245	-0.60148	-0.00089	0.16352	186.25669	270.36458	276.34408
-0.68	0.45	0.30	0.10773	0.81830	-0.55978	-0.07370	-1	0.234201	3.48129	-0.60148	-0.00088	0.16353	184.66058	270.37012	274.74335
-0.68	0.46	0.27	0.10492	0.79698	-0.58973	-0.07764	-1	0.228625	3.48113	-0.60148	-0.00087	0.16352	181.19710	270.35077	271.29476
-0.67	0.47	0.23	0.10197	0.77456	-0.61888	-0.08148	-1	0.22026	3.53405	-0.60148	-0.00090	0.16353	180.11810	270.36364	270.21900
-0.67	0.48	0.19	0.09888	0.75108	-0.64718	-0.08520	-1	0.20632	3.51652	-0.60147	-0.00088	0.16352	179.97919	270.34140	270.11073
-0.67	0.48	0.16	0.09565	0.72657	-0.67458	-0.08881	-1	0.104089	3.44170	-0.67835	0.04928	0.30740	357.90849	345.24860	190.90199
-0.80	0.04	0.62	-0.00000	0.99905	-0.04362	0.00000	-1	0.11803	2.21231	-0.64238	0.07540	0.40928	86.26701	12.21571	197.64768
-0.80	0.08	0.61	-0.00000	0.99674	-0.08063	0.00000	-1	0.123606	2.39441	-0.64415	0.07559	0.40747	85.41748	11.79181	197.54146
-0.80	0.12	0.61	-0.00000	0.99307	-0.11754	0.00000	-1	0.10316	2.60416	-0.63754	0.02141	0.43264	153.33142	81.90453	98.94526
-0.80	0.15	0.60	-0.00000	0.98803	-0.15428	0.00000	-1	0.123606	2.81143	-0.64779	0.07568	0.40445	84.44769	10.26256	196.46420
-0.80	0.19	0.58	-0.00000	0.98163	-0.19081	0.00000	-1	0.167286	2.95666	-0.60149	-0.00079	0.16353	182.10521	270.38312	272.12035
-0.80	0.22	0.57	-0.00000	0.97388	-0.22708	0.00000	-1	0.213755	3.04080	-0.60148	-0.00078	0.16353	181.52963	270.38795	271.53209
-0.80	0.25	0.55	-0.00000	0.96479	-0.26303	0.00000	-1	0.225836	3.16525	-0.60148	-0.00078	0.16353	181.58766	270.38956	271.59104
-0.80	0.28	0.53	-0.00000	0.95437	-0.29862	0.00000	-1	0.233271	3.36535	-0.60149	-0.00079	0.16353	181.32377	270.38664	271.33276
-0.80	0.31	0.51	-0.00000	0.94264	-0.33381	0.00000	-1	0.236059	3.49724	-0.60148	-0.00079	0.16353	180.40711	270.38644	270.41530
-0.80	0.34	0.48	-0.00000	0.92962	-0.36853	0.00000	-1	0.23513	3.53670	-0.60148	-0.00080	0.16353	181.29357	270.39010	271.30607
-0.80	0.37	0.46	-0.00000	0.91531	-0.40275	0.00000	-1	0.239777	3.57504	-0.60148	-0.00081	0.16353	182.69644	270.38786	272.72573
-0.80	0.39	0.43	-0.00000	0.89975	-0.43641	0.00000	-1	0.248141	3.47652	-0.60148	-0.00080	0.16353	180.55403	270.38426	270.57314
-0.80	0.41	0.40	-0.00000	0.88295	-0.46947	0.00000	-1	0.245353	3.50323	-0.60149	-0.00082	0.16353	182.29570	270.38144	272.31867
-0.80	0.43	0.37	-0.00000	0.86493	-0.50189	0.00000	-1	0.248141	3.45192	-0.60148	-0.00082	0.16352	181.95210	270.37592	271.99291
-0.80	0.45	0.34	-0.00000	0.84573	-0.53361	0.00000	-1	0.242565	3.39329	-0.60149	-0.00086	0.16352	183.40852	270.36991	273.47644
-0.80	0.47	0.30	-0.00000	0.82536	-0.56461	0.00000	-1	0.236989	3.50995	-0.60149	-0.00088	0.16353	184.43727	270.36942	274.54214
-0.80	0.48	0.27	-0.00000	0.80386	-0.59482	0.00000	-1	0.225836	3.51308	-0.60148	-0.00087	0.16353	182.82501	270.36094	272.92861
-0.80	0.49	0.23	-0.00000	0.78125	-0.62422	0.00000	-1	0.218401	3.59295	-0.60149	-0.00088	0.16353	182.10086	270.35846	272.20603
-0.80	0.49	0.19	-0.00000	0.75756	-0.65276	0.00000	-1	0.194238	3.44157	-0.60147	-0.00089	0.16353	181.42307	270.34300	271.54971
-0.80	0.50	0.16	-0.00000	0.73284	-0.68040	0.00000	-1	0.08829	3.19271	-0.75186	0.06244	0.09767	4.06487	357.91612	328.19078
-0.81	0.04	0.62	-0.13040	0.99050	-0.04325	0.00569	-1	0.120818	2.33137	-0.78607	0.04306	0.39467	91.80531	0.40062	351.01326
-0.82	0.08	0.61	-0.13010	0.98822	-0.07994	0.01052	-1	0.11803	2.51097	-0.69142	0.07224	0.40098	89.31300	357.91897	181.83292
-0.83	0.11	0.61	-0.12962	0.98457	-0.11653	0.01534	-1	0.109665	2.76312	-0.70180	0.07280	0.40100	89.18642	357.85992	197.24099
-0.84	0.15	0.60	-0.12896	0.97957	-0.15296	0.02014	-1	0.120818	2.90853	-0.81716	0.06959	0.41113	178.40661	7.97136	357.76626
-0.85	0.18	0.58	-0.12813	0.97323	-0.18918	0.02491	-1	0.143123	3.01853	-0.60148	-0.00078	0.16353	181.01880	270.39055	271.03137
-0.86	0.21	0.57	-0.12712	0.96555	-0.22513	0.02964	-1	0.184015	3.21905	-0.60148	-0.00078	0.16353	180.23608	270.39115	270.24556
-0.87	0.25	0.55	-0.12593	0.95653	-0.26078	0.03433	-1	0.197026	3.39724	-0.60148	-0.00078	0.16353	180.07205	270.38713	270.08167
-0.87	0.28	0.53	-0.12457	0.94621	-0.29607	0.03898	-1	0.199814	3.53868	-0.60147	-0.00078	0.16353	178.81987	270.39847	268.82901
-0.88	0.30	0.51	-0.12304	0.93458	-0.33095	0.04357	-1	0.202602	3.57246	-0.60147	-0.00079	0.16353	179.24698	270.39457	269.24791
-0.89	0.33	0.48	-0.12134	0.92166	-0.36538	0.04810	-1	0.212825	3.68884	-0.60147	-0.00079	0.16353	180.61281	270.39330	270.62472
-0.90	0.36	0.46	-0.11947	0.90748	-0.39930	0.05257	-1	0.212825	3.71912	-0.60148	-0.00080	0.16353	179.76148	270.39020	269.78189
-0.90	0.38	0.43	-0.11744	0.89205	-0.43268	0.05696	-1	0.219331	3.72528	-0.60148	-0.00080	0.16353	180.06430	270.38651	270.08559
-0.91	0.40	0.40	-0.11525	0.87539	-0.46546	0.06128	-1	0.22119	3.58660	-0.60148	-0.00080	0.16353	179.89986	270.37819	269.92692
-0.91	0.42	0.37	-0.11290	0.85753	-0.49759	0.06551	-1	0.218401	3.70939	-0.60147	-0.00082	0.16353	180.82476	270.38058	270.86832
-0.92	0.44	0.34	-0.11039	0.83849	-0.52905	0.06965	-1	0.218401	3.68491	-0.60148	-0.00083	0.16353	180.11320	270.37525	270.16601
-0.92	0.45	0.30	-0.10773	0.81830	-0.55978	0.07370	-1	0.214684	3.57076	-0.60148	-0.00083	0.16352	179.66881	270.36394	269.73220
-0.92	0.46	0.27	-0.10492	0.79698	-0.58973	0.07764	-1	0.204461	3.64669	-0.60148	-0.00085	0.16353	179.35859	270.36477	269.44449
-0.93	0.47	0.23	-0.10197	0.77456	-0.61888	0.08148	-1	0.189591	3.64935	-0.60148	-0.00088	0.16353	180.67832	270.34787	270.80463
-0.93	0.48	0.19	-0.09888	0.75108	-0.64718	0.08520	-1	0.167286	3.58540	-0.60147	-0.00087	0.16353	179.59879	270.33461	269.75458
-0.93	0.48	0.16	-0.09565	0.72657	-0.67458	0.08881	-1	0.105948	3.20157	-0.66963	0.05349	0.31051	0.12981	345.07911	191.20581
-0.82	0.04	0.62	-0.25857	0.96501	-0.04213	0.01129	-1	0.114312	2.36471	-0.64110	0.07507	0.41147	87.55123	11.76236	198.17097
-0.84	0.07	0.61	-0.25798	0.96278	-0.07789	0.02087	-1	0.134758	2.51854	-0.53470	0.18258	0.11001	272.28563	67.33732	177.78840
-0.86	0.10	0.61	-0.25703	0.95923	-0.11353	0.03042	-1	0.111524	2.75875	-0.70158	0.07286	0.40066	88.99138	357.63854	197.05740
-0.88	0.13	0.60	-0.25572	0.95436	-0.14902	0.03993	-1	0.141264	2.97227	-0.69760	0.07348	0.39792	88.49279	356.94347	191.94209
-0.89	0.16	0.58	-0.25406	0.94818	-0.18431	0.04939	-1	0.131041	3.26558	-0.92101	-0.18142	0.11001	88.97675	321.33620	359.18841
-0.91	0.19	0.57	-0.25206	0.94069	-0.21934	0.05877	-1	0.126394	3.36910	-0.60149	-0.00078	0.16353	181.22760	270.39264	271.23678
-0.93	0.22	0.55	-0.24971	0.93191	-0.25407	0.06808	-1	0.144981	3.43113	-0.60147	-0.00078	0.16354	178.20482	270.41158	268.21365
-0.94	0.25	0.53	-0.24701	0.92185	-0.28845	0.07729	-1	0.145911	3.55368	-0.60148	-0.00076	0.16353	176.66301	270.39624	266.66703
-0.96	0.27	0.51	-0.24397	0.91052	-0.32243	0.08640	-1	0.148699	3.64127	-0.60147	-0.00075	0.16353	170.66734	270.40383	260.67192
-0.97	0.30	0.48	-0.24060	0.89794	-0.35597	0.09538	-1	0.144052	3.66287	-0.60146	-0.00075	0.16353	169.24585	270.41170	259.24295
-0.98	0.32	0.46	-0.23690	0.88412	-0.38902	0.10424	-1	0.137546	3.69946	-0.60146	-0.00076	0.16354	166.94401	270.41406	256.94808
-1.00	0.34	0.43	-0.23287	0.86909	-0.42154	0.11295	-1	0.131041	3.86088	-0.60147	-0.00078	0.16354	158.28248	270.40050	248.38371
-1.01	0.36	0.40	-0.22852	0.85286	-0.45347	0.12151	-1	0.113383	3.86938	-0.97870	0.24497	0.12846	179.86950	1.78398	3.62894
-1.02	0.38	0.37	-0.22386	0.83546	-0.48479	0.12990	-1	0.143123	3.84866	-0.60147	-0.00083	0.16354	177.17913	270.29878	267.40442
-1.03	0.39	0.34	-0.21889	0.81691	-0.51543	0.13811	-1	0.149628	3.94505	-0.60147	-0.00085	0.16354	180.46048	270.31084	270.68871
-1.03	0.40	0.30	-0.21362	0.79724	-0.54537	0.14613	-1	0.157993	3.98712	-0.60145	-0.00088	0.16355	181.43907	270.32159	271.66044
-1.04	0.41	0.27	-0.20805	0.77647	-0.57455	0.15395	-1	0.165428	3.91774	-0.60146	-0.00087	0.16353	179.91440	270.33108	270.08920
-1.04	0.42	0.23	-0.20220	0.75463	-0.60295	0.16156	-1	0.14684	3.82409	-0.60145	-0.00090	0.16354	181.28382	270.31927	271.48955
-1.05	0.43	0.19	-0.19607	0.73175	-0.63052	0.16895	-1	0.121747	3.77488	-0.60146	-0.00087	0.16360	179.07246	270.31187	269.42362
-1.05	0.43	0.16	-0.18967	0.70787	-0.65722	0.17610	-1	0.135688	3.29571	-0.61708	0.03417	0.23745	352.73300	79.56610	187.85462
-0.83	0.03	0.62	-0.38232	0.92300	-0.04030	0.01669	-1	0.0975836	2.41959	-0.74381	0.01766	0.39859	99.53085	311.35197	11.87525
-0.86	0.06	0.61	-0.38144	0.92087	-0.07450	0.03086	-1	0.13197	2.59243	-0.90659	-0.24609	0.10999	87.80353	293.30069	357.79860
-0.88	0.08	0.61	-0.38003	0.91748	-0.10859	0.04498	-1	0.139405	2.85321	-0.69863	0.07315	0.39819	88.71277	358.12443	191.99602
-0.91	0.11	0.60	-0.37810	0.91282	-0.14254	0.05904	-1	0.109665	3.03049	-0.84029	0.05851	0.40870	190.49373	22.23302	338.56971
-0.93	0.13	0.58	-0.37565	0.90691	-0.17628	0.07302	-1	0.108736	3.26548	-0.64139	0.07699	0.40663	84.49226	10.46493	197.65067
-0.96	0.16	0.57	-0.37269	0.89975	-0.20979	0.08690	-1	0.135688	3.35488	-0.49770	0.13294	0.10991	271.00818	13.92971	179.61310
-0.98	0.18	0.55	-0.36921	0.89135	-0.24301	0.10066	-1	0.0910781	3.51201	-0.82338	0.06178	0.25990	351.10511	10.63146	8.90421
-1.00	0.20	0.53	-0.36522	0.88172	-0.27589	0.11428	-1	0.1171	3.54196	-0.82056	0.06644	0.41317	181.97312	8.98591	347.54098
-1.02	0.22	0.51	-0.36073	0.87089	-0.30840	0.12774	-1	0.145911	3.65073	-1.02292	0.20331	0.10996	276.39307	84.03695	354.26129
-1.04	0.24	0.48	-0.35575	0.85885	-0.34048	0.14103	-1	0.108736	3.67678	-0.99967	0.19608	0.13031	182.43956	356.64988	271.18057
-1.06	0.26	0.46	-0.35027	0.84564	-0.37209	0.15412	-1	0.111524	3.69192	-1.00068	0.21612	0.12844	180.16363	0.72402	265.42016
-1.08	0.28	0.43	-0.34432	0.83126	-0.40319	0.16701	-1	0.112454	3.81657	-1.00069	0.21899	0.12848	178.82272	0.85623	265.51405
-1.09	0.29	0.40	-0.33789	0.81574	-0.43374	0.17966	-1	0.115242	3.81384	-0.61764	0.03463	0.27250	343.30768	87.69616	196.79530
-1.11	0.31	0.37	-0.33100	0.79909	-0.46368	0.19206	-1	0.123606	3.94798	-0.87701	0.01350	0.09773	358.31504	4.75984	81.11397
-1.12	0.32	0.34	-0.32365	0.78135	-0.49300	0.20421	-1	0.0975836	3.98963	-0.83233	0.06996	0.40548	178.68797	21.41737	0.15361
-1.13	0.33	0.30	-0.31585	0.76253	-0.52163	0.21607	-1	0.0966543	3.87054	-0.95605	0.24186	0.13039	182.67725	358.24907	4.55415
-1.14	0.34	0.27	-0.30762	0.74267	-0.54954	0.22763	-1	0.115242	3.94834	-0.82178	0.07786	0.26821	7.24085	5.81408	188.85375
-1.14	0.34	0.23	-0.29897	0.72178	-0.57670	0.23888	-1	0.121747	3.93964	-0.87129	0.03314	0.09739	359.48842	5.61035	65.85524
-1.15	0.35	0.19	-0.28991	0.69990	-0.60307	0.24980	-1	0.08829	3.73122	-0.99783	0.19994	0.12944	185.62962	357.71931	264.47175
-1.15	0.35	0.16	-0.28045	0.67706	-0.62861	0.26038	-1	0.10316	3.22344	-0.85808	0.04530	0.11503	340.92554	19.61579	29.12056
